1;Jaundice;5000;1600;1550;1500;880;802;650;625;600;444;1865;146;250;125;95;72;20;
2;Joint inflammation;10000;
3;Joint pain basic TR;160;500;1600;5000;324;528;
4;Kidney insufficiency;9.2;10;40;440;1600;1550;1500;880;802;650;625;600;444;1865;146;250;125;95;72;20;
5;Kidney papilloma;110;148;264;634;767;848;917;760;762;1102;
6;Kidney stimulation TR;4412;2720;2400;2112;1864;1600;1550;1500;880;854;800;784;751;732;728;712;668;651;644;625;600;524;465;442;334;250;240;152;146;28;125;120;112;100;96;93;72;64;40;20;2222;1153;1134;1016;582;676;440;
7;Kidney stones;444;727;787;880;10000;6000;3000;3.5;1552;
8;Kidney tonic general;440;248;8;880;20;10000;800;5000;3000;
9;Kieferosteitis;432;516;384;
10;Knee joint pain;1550;880;802;787;727;28;20;7.69;3;1.2;250;9.6;9.39;
11;Llysine (stimulates);195.5;391;782;1564.1;3128.2;6256.4;
12;Lac deflorat;230;371;232;2121;
13;Lactobacillus acidophilus HC;17375.69;865.08;
14;Large intestine tonic;8;440;880;
15;Laryngeal polyp;765;202;
16;Larynx;10;440;465;444;1550;880;802;787;727;28;7.69;3;1.2;250;9.6;9.39;
17;Lateral sclerose (degeneration of spinal cord);254;
18;Laxative mild;802;
19;Legionella (Legionnaires' disease);723;724;897;975;8120;8856;690;693;
20;Leprosy;10000;6000;743;600;252;
21;Leprosy secondary infection;1600;1550;1500;880;832;802;787;776;760;727;700;690;666;650;625;600;465;444;20;500;450;440;428;660;
22;Leptospira interrogans HC;19865.04;989.02;
23;Leptospirosis (a spirochete bacterial disease);612;663;
24;Leukocytogenesis stimulation;20;727;
25;Leucocytozoon HC;19914.83;991.50;
26;Leukoencephalitis (inflammation of brain's white matter);324;572;776;934;1079;1111;1333;
27;Leukoencephalitis secondary;338;783;932;1035;1160;1630;712;713;715;1244;
28;Leukoplakia (white patches on mucous membranes);465;2127;2008;727;690;666;
29;Leukose (proliferation of tissues forming white blood cells);612;633;653;3722;644;
30;Lichen planus TR;728;166;224;317;727;787;880;2189;7344;4412;1550;1234;740;880;787;727;330;10000;5000;30;
31;Lichen sclerosus TR;1600;500;160;324;528;7344;4412;1550;1234;740;880;787;727;330;10000;5000;30;
32;Lipoma (benign soft tumor of fatty tissue);47;606;709;
33;Listeriose;377;471;626;628;634;774;2162;7867;714;724;
34;Liver enlargement;727;787;880;
35;Liver stores bile cholesterol;21.34;
36;Liver support;33.13;1552;802;751;331.3;
37;Locomotor dysfunction incoordination (maybe slow results);10000;880;787;776;727;650;625;600;444;1865;125;95;72;20;
38;Lumbago;10000;800;880;787;727;125;95;72;444;1865;9.19;8.25;7.69;300;
39;Lung (general);9;3672;
40;Lung sinus bacteria;244;1466;597;1311;
41;Lupus general (degeneration of skin by various diseases);3612;2489;2125;2010;2008;2006;942;802;800;798;702;633;632;442;386;243;
42;Lupus general secondary;205;244;352;633;847;921;993;1333;1464;7865;771;
43;Lupus SLE secondary;2180;2128;2008;1552;880;784;664;304;386;678;481;
44;Luxation (dislocation of organs or joints);9.1;110;
45;Lycogala HC;6273.17;312.32;
46;Lyme 1;864;495;485;490;495;500;505;625;610;615;620;625;630;690;790;785;790;795;
47;Lyme 2;2050;1520;615;2016;625;
48;Lyme 3;920;
49;Lyme 4 (borrelia afzellii);387500;
50;Lyme 5 (borrelia burgdorferi);380000;
51;Lyme 6 (borrelia garinii);382000;
52;Lyme and Rocky Mtn Spotted Fever v;7989;1590;239;846;422;417;1455;39975;40439;884;797;758;693;673;577;4870;4880;578;128;579;
53;Lyme disease;6870;6863;46866;46851;34170;34112;4200;2050;2016;1520;1455;920;884;800;797;758;673;625;615;605;432;345;344;338;254;
54;Lyme 2 A;10000;6870;6863;4200;2720;2050;2016;1520;1455;943;920;885;884;880;864;800;797;795;790;785;758;732;727;699;690;
55;Lyme 2 B;688;673;664;673;660;644;630;625;620;615;610;605;597;534;533;525;510;505;495;485;490;500;484;432;345;344;338;306;254;230;3;
56;Lyme hatchlings eggs;640;8554;203;412;414;589;667;840;1000;1072;1087;1105;
57;Lyme secondary;254;525;597;644;885;699;
58;Lyme tertiary;306;432;484;610;625;690;864;2016;790;
59;Lyme TR A (run every other day);6675;4879;2899;2720;2016;1800;1600;1550;1519;1455;1433;885;880;863;828;802;786;776;
60;Lyme TR B (run every other day);765;758;749;726;672;604;600;581;464;451;432;345;250;144;62;
61;Lymph plaque;596;346;
62;Lymph stasis;3176;
63;Lymph stasis secondary;6.3;148;522;146;444;440;880;787;727;10000;2.5;465;10;
64;Lymph support;15.05;10.36;3176;
65;Lymphangitis (lymphatic vessel inflammation);880;574;778;1120;1078;3176;
66;Lymphs and detox;10000;3177;3176;3175;880;787;751;727;676;635;625;522;465;444;440;304;148;146;15.2;15.05;10.36;10;7.83;6.3;2.5;
67;Lymph mover;100000;
68;Macular degeneration and visual acuity;1828;1830;1832;1834;1836;1838;1840;1842;1844;1846;1848;1850;1852;1854;1856;1858;1860;
69;Magnesium;480;
70;Malabsorption syndrome;727;787;880;800;1552;3000;
71;Malaria;4;20;28;222;550;713;880;930;1032;1433;1444;1445;455;743;
72;Malaria 1;20;555;
73;Malaria 2;20;28;787;880;
74;Malaria 3;880;800;787;728;20;
75;Malaria Falciparum1;1518;1348;1473;1002;1019;
76;Malassezia furfur (causes tinea versicolor);222;225;491;616;700;
77;Mange follicular;253;693;
78;Mannan;961;661;
79;Marsh elder;474;
80;Mastitis (an inflamed breast);654;698;
81;Mastoiditis;287;
82;Measles;727;787;880;342;442;443;467;520;521;552;1489;745;757;763;712;
83;Measles HC (antigen);18471.00;919.62;
84;Measles rubella (German or 3day measles);431;459;510;517;796;967;368;734;772;
85;Measles rubella secondary;727;787;880;
86;Measles rubella vaccine;429;459;832;926;505;
87;Measles rubeola (9day measles);342;467;520;784;787;962;1489;
88;Measles vaccine;214;725;747;783;962;
89;Measles w vaccine;1489;962;880;787;783;763;757;747;745;727;725;712;552;521;467;443;342;214;
90;Medorrhinum;230;442;554;843;854;1700;1880;2222;602;
91;Menieres 1;8.8;8.9;9.0;
92;Menieres 2;456.6;723;880;
93;Menieres disease;1550;802;880;787;727;465;428;33;329;5000;1130;782;9;
94;Meningcoccus Virus;720;
95;Meningioma (benign slow growing tumor);446;535;537;
96;Meningitis;5000;1795;1422;1044;928;822;764;733;720;517;427;423;322;20;
97;Meningitis secondary;130;676;677;507;
98;Meningitis tertiary;1550;802;880;832;787;727;650;625;600;465;444;1865;125;95;72;20;428;660;
99;Menopause symptoms TR;880;787;727;5.5;
100;Menstrual problems (douche with plain water first);880;1550;802;787;727;465;20;
101;Mental concentration;10000;7.82;
102;Mental disorders (general aid);522;146;10000;125;95;72;20;4.9;428;550;802;7.83;
103;Mercury toxicityv;47;48;49;75;
104;Methotrexate toxicity;584;
105;Microsporum audouini (fungus);422;831;1222;285;
106;Microsporum canis (fungus);347;970;1644;402;650;
107;Migraine;10;
108;Mold;222;242;523;565;592;623;745;933;1130;1155;1333;1833;4442;
109;Mold and fungus general v;4442;2411;1833;1823;1333;1155;1130;1016;942;933;886;880;866;784;774;766;745;743;728;623;623;594;592;565;555;524;512;464;414;374;344;337;321;254;242;222;158;132;
110;Moles;20;120;177;600;625;626;650;659;660;728;784;880;464;
111;Moles 1;761.7;650;625;600;76.2;
112;Monotospora languinosa;788;
113;Morbillinum;467;520;1489;
114;Morgan (bact);778;784;787;788;988;726;
115;Morgellons disease TR;5858.25;5856.375;4271.25;4264;330;10000;7344;5000;1550;1234;740;880;835;787;727;160;500;1600;5611;4014;3448;3347;3176;2929;2867;2855;2791;2720;2489;2180;1862;1488;880;800;787;728;665;464;432;304;120;30;20;8920;2016;625;
116;Motion sickness;10000;5000;648;624;600;465;440;648;444;1865;522;190;146;125;95;72;20;
117;Mucocutan perniciosis;833;667;756;
118;Mucor mucedo;612;1000;488;766;9788;735;
119;Mucor plumbeus;361;578;785;877;
120;Mucor racemosis;310;474;875;
121;Mucor racemosis secondary;473;686;871;873;876;878;887;7768;7976;8788;713;729;731;751;760;778;1200;
122;Mucous membrane inflammation general;380;
123;Multiple sclerosis 1;5000;4992;23570.5;3767;3056.9;2720;2466.9;2252.8;2213;2189;2088.59;1883;1875;1550;1331;880;854;840;802;787;784;728;690;660;624;620;524;470;464;430;421;317;304.6;275;253;241.68;235;224;218;166;143;80.9;20;
124;Multiple sclerosis 2;5000;23570.5;3056.9;2466.9;2252.8;2088.59;880;787;728;690;660;304.6;241.68;80.9;20;
125;Multiple sclerosis 3;2253;2467;2357;2358;242;305;2089;3057;81;5000;1550;802;880;787;728;690;660;20;
126;Multiple sclerosis 4;3040;5000;2720;10000;470;120;240;300;328;728;880;2005;2006;2007;2008;2009;2010;2011;20;
127;Multiple sclerosis 5;5000;728;166;224;317;727;787;880;218;
128;Multiple sclerosis 6;10000;6000;5000;3176;2489;3057;2008;2358;1488;2467;3040;880;787;800;728;665;464;242;224;304;166;120;20;
129;Multiple sclerosis secondary;20;143;275;430;470;524;620;624;802;840;854;1550;2213;5000;728;784;880;464;
130;Multiple sclerosis stiff legs;315.77;
131;Multiple sclerosis tremor or twitch;470;
132;Multiple sclerosis v;2145;938;862;841;741;739;682;660;572;532;520;477;442;433;344;343;342;338;324;322;253;242;112;
133;Mumps (inflammation of the saliva glands);152;242;642;674;922;
134;Mumps HC (antigen);19018.66;946.88;
135;Mumps secondary;190;235;516;1243;1660;2630;3142;9667;729;741;759;761;1170;
136;Mumps tertiary;10000;727;2720;2489;2127;2008;428;880;787;727;20;
137;Mumps vaccine;273;551;711;730;1419;
138;Muscle tonic;20;120;240;300;304;324;328;728;880;5000;10000;
139;Muscles to relax;965;20;120;240;760;6.8;6000;304;
140;Muscular dystrophy;153;522;146;880;787;727;
141;Muscular pain and injury;2720;6000;324;320;250;240;160;125;80;40;20;10;5.8;2.5;1.5;1.2;1;0.5;
142;Mycobacterium phlei HC;20412.70;1016.29;
143;Mycobacterium tuberculosis HC (causes tuberculosis);21508.01;1070.82;
144;Mycogone fungoides;488;532;662;764;852;1444;
145;Mycogone fungoides secondary;328;367;490;491;495;496;628;678;761;766;768;1055;1074;9979;709;714;729;746;757;
146;Mycogone spp;371;446;1123;748;
147;Mycoplasma fermentans;2900;878.2;880.2;864;790;706.7;690;610;484;986;644;254;
148;Mycoplasma general;7344;2950;2900;2842;1147;1113;1067;1062;1045;969.9;880.2;878.2;865;829.3;800.4;790;783.6;779.9;706.7;690.7;690;686.6;684.1;679.2;673.9;664;644;610;484;254;
149;Mycoplasma HC;16106.12;17226.33;801.88;857.65;
150;Mycoplasma pneumonia;688;975;777;2688;660;709.2;2838.5;
151;Mycoplasma pulmonis;2404.2;601;300.5;150.3;75.1;
152;Mycoplasma salivarium 1;253;279;420;453;761;832;
153;Mycosis fungoides;532;662;678;852;1444;
154;Myocarditis narbe (narbe means scar);279;761;
155;Myocarditis necrose;706;789;
156;Myoma (benign tumor on the uterus);253;420;453;832;
157;Myositis (progressive muscle weakness);120;122;125;129;1124;1169;762;
158;Myxosoma HC;20611.85;1026.20;