1;E coli;7849;7847;1730;1722;1550;1320;1244;1000;957;934;856;840;832;804;802;799;776;642;634;556;548;413;333;330;327;289;282;
2;E coli 1;7847;1730;1712;1244;1000;934;856;840;800;776;642;634;556;539;358;330;
3;E coli comprehensive;7849;7847;1730;1722;1712;1703;1550;1320;1244;1242;1000;957;934;856;840;832;804;802;800;799;776;642;634;632;556;548;539;413;358;333;330;327;289;282;
4;E coli HC;17724.20;19566.32;974.15;882.44;
5;E coli mutant strain;556;934;1242;1244;1703;632;634;776;
6;Ear conditions various;10000;880;787;727;776;766;688;683;652;645;542;535;440;410;340;201;158;20;9.19;
7;Ear fungus 1;854;
8;Echo Virus;922;788;765;722;625;620;614;613;612;611;610;609;608;607;606;605;604;603;514;461;
9;Eczema;9.19;707;1550;802;787;727;10000;5000;2720;2008;2180;2128;664;120;20;
10;Eczema 1;770;916;415;
11;Eczema 2;730.2;1550;802;787;690;
12;Eczema vascular and lung disturbances;9.39;
13;Edema;40;522;146;6.3;148;444;440;880;787;727;465;20;5000;10000;
14;Electrolyte levels (to improve);8.1;20;10000;
15;Electrosmog 1;99.5;
16;Elephantiasis;623;824;865;710;
17;Elkanella corroderis HC;19018.66;946.88;
18;Emotional ties to diseases;764;664;
19;Emphysema;1234;3672;7344;880;787;727;120;20;80;
20;Emphysema comp;7344;3672;2838.5;2688;2404.2;1234;975;880;787;777;766;727;709.2;688;683;660;650;601;422;300.5;240;150.3;128;120;80;75.1;20;
21;Encephalitis;841;
22;Endocrine RX TR;662;1725;1342;1534;1413;1351;635;763;1335;645;10000;
23;Endolimax nana HC (trophozoites and cysts);19715.68;981.59;21508.01;1070.82;
24;Endometriosis 1;6766;6672;6641;6578;2150;2128;2082;2013;2008;2003;2000;1850;1550;945;854;846;830;800;763;676;651;524;435;275;246;142;
25;Endometriosis chronic;246;800;1550;
26;Energy vitality;9999;
27;Entamoeba coil HC;19715.68;981.59;
28;Entamoeba gingivalis HC;21806.74;1085.69;
29;Entamoeba histolytica;148;166;308;393;631;778;
30;Entamoeba histolytica HC;19168.02;954.32;
31;Entamoeba histolytica secondary;1552;880;802;1550;832;787;727;690;660;465;786;768;523;333;
32;Enterobacter aerogenes HC;18620.36;927.05;
33;Enterococcinum;686;409;
34;Enterohepatitis;552;932;953;
35;Enterovirus General;5000;3636;2632;1850;1500;1488;1422;1189;1044;922;868;845;822;788;776;766;742;733;721;676;654;625;620;612;610;608;595;515;487;461;435;423;380;322;283;232;144;136;20;
36;Enuresis (bedwetting);10000;880;787;727;
37;Epicoccum;734;778;
38;Epicondylitis (tennis elbow);1.2;250;728;766;776;880;
39;Epidermophyton floccinum;22107;465;784;644;766;345;
40;Epididymitis;2250;1500;880;787;727;20;
41;Epilepsy;10000;880;802;787;727;700;650;600;210;633;125;20;
42;Epstein Barr HC;18919.09;18670.15;941.93;929.53;
43;Epstein Barr virus;8768;6618;1920;1013;825;738;669;667;663;660;274;253;172;105;
44;Epstein Barr virus secondary;744;776;778;465;880;787;727;1032;1920;
45;Ergot HC;14687.19;731.23;
46;Erwinia amylovora HC;17425.47;867.56;
47;Erwinia carotovora HC;18570.58;924.57;
48;Erysipelas;616;776;735;845;660;10000;880;787;727;465;20;
49;Erythema infectiosum;809;1618;3236;
50;Erythema nosodum;9.39;
51;Esophagus (constriction);880;787;727;
52;Euglena;432;3215;3225;3325;6448;
53;Eustachian tube inflammation;1550;880;802;787;776;727;465;
54;Eye disorders;10000;2010;1831;1830;1829;1600;1552;1335;880;787;727;496;400;360;350;160;20;
55;Eye inflammation;1.2;80;
56;Eyes glaucoma;1600;1830;880;787;727;
57;Eyesight sharpen;350;360;1830;
58;Facial cramps;10000;6000;304;1131;33;
59;Facial paralysis;10000;880;787;727;
60;Facial toning;1.2;
61;Fainting;20;
62;Fascia;20;
63;Fatigue general;428;424;664;660;464;125;120;95;72;20;444;1865;10000;5000;
64;Febris wolhynia;547;356;
65;Fel tauri;672;
66;Feli;435;742;
67;Felis;430;834;2232;3233;
68;Felon 1 (infection of fingertips);657;659;738;751;
69;Felon 2;663;665;720;722;
70;Feloris Wolyhnica;547;
71;Fever;1552;880;800;832;422;2112;787;727;20;
72;Fever sunstroke;20;440;880;
73;Fibroadenoma mamae;1384;2128;2189;
74;Fibroids general;2950;2189;2128;2127;2008;1744;1552;1550;1488;1384;1234;880;802;787;776;727;690;666;465;267;
75;Fibroma;2127;2008;727;690;666;1550;802;465;
76;Fibromyalgia;328;880;800;728;5000;2720;2180;2128;664;464;304;120;20;
77;Fibromyalgia 1;120;140;304;464;728;800;880;2489;3176;5000;6000;9000;
78;Fibromyalgia 2;2008;2050;2080;2127;880;800;787;728;600;420;320;120;3790;3792;3794;3796;3798;3800;3802;3804;3806;3808;3810;
79;Fibromyalgia TR;321;384;40;965;200;120;240;760;68;6000;304;
80;Fibropendulum;661;7465;211;233;766;
81;Fibrosarcoma;1744;
82;Fischpyrogen;832;
83;Fissures;787;20;10000;
84;Fistula dentalis;550;727;844;878;1122;786;
85;Fistula ulcer;880;832;787;727;
86;FIV;262;323;372;404;567;712;742;760;773;916;1103;1132;3701;
87;Flatulence;1550;880;832;802;787;727;465;
88;Fluor Alb;110;342;420;423;688;757;
89;Follicular mange;253;693;701;774;
90;Folliculitis hot tub (tiny pimples);174;482;5311;
91;Food poisoning;1552;802;832;
92;Foot and mouth syndrome;232;237;1214;1243;1244;1271;5411;
93;Fractures healing;220;230;10000;880;787;727;
94;Frequency fatigue;10.55;7.83;
95;Frigidity female;10000;20;
96;Frostbite;880;787;727;
97;Frozen shoulder;10000;880;802;787;766;727;
98;Fruitfly;2167;
99;Fungus and mold v;4442;2411;1833;1823;1333;1155;1130;1016;942;933;886;880;866;784;774;766;745;743;728;623;623;594;592;565;555;524;512;464;414;374;344;337;321;254;242;222;158;132;
100;Fungus EW range;823;824;825;826;827;828;829;
101;Fungus flora 1;331;336;555;587;632;688;757;882;884;887;
102;Fungus foot general 1;1550;
103;Fungus general;2222;1552;1550;1153;1134;1016;880;802;787;784;727;582;465;422;254;72;20;
104;Furunkulosis (boils on skin);1550;1000;880;802;787;784;770;728;727;660;465;200;116;20;
105;Furunkulosis herpes;200;1000;1550;802;787;727;
106;Furunkulosis TR;1550;1000;880;802;787;784;770;728;727;660;465;200;116;20;
107;Fusarium general;768;625;746;
108;Fusarium oxysporum;102;332;705;795;780;
109;Gaffkya tetragena HC;17425.47;867.56;
110;Gardnereila vaginalis HC;16927.60;842.78;
111;General antiseptic;10000;5000;3176;2145;1552;1488;880;802;786;776;766;760;728;688;683;676;666;660;464;450;444;428;120;20;
112;General antiseptic 1;10000;5000;3176;2720;2000;1865;1770;1550;1360;880;804;802;787;786;760;728;690;660;590;555;465;450;428;768;523;333;14;
113;General demo (greatest hits);10000;4412;3040;2128;2112;1862;1550;880;800;786;732;728;712;688;676;644;464;422;128;120;20;
114;General malady;40000;10000;5000;
115;General prog Blaster5;2489;2128;2008;2000;1998;1840;1800;1600;1570;1560;1550;1500;880;800;787;784;776;740;727;690;666;622;600;500;400;120;80;
116;General program EMEM;720;1550;20;4200;
117;General prophylaxis;20;64;95;125;225;427;440;664;728;784;880;802;832;680;760;1550;464;10000;676;1488;
118;Geotrichum candidum;350;355;384;386;403;404;407;409;410;412;415;418;543;544;687;987;988;737;700;
119;Gingivitis (inflammation of gums);1550;880;802;787;728;726;465;20;1556;776;465;
120;Glandular fever;10000;20;
121;Glandular fever thyroid (exp);10000;20;16000;
122;Gliocladium (brainfungus);855;469;633;
123;Gonorrhea;7120;6000;2330;1500;712;660;600;233;150;
124;Gonorrhea neisseria HC;16628.88;927.90;
125;Gout;9.39;3000;10000;880;787;727;20;
126;Granuloma dent;441;
127;Gravel urine;2.65;3000;880;787;727;20;
128;Graves disease and goiter;20;727;787;880;
129;Green Dye;563;2333;
130;Griseofulvin;14338.68;713.88;
131;Gulf War Syndrome v;7755;6007;5419;2688;1370;1365;975;866;837;771;714;639;633;578;533;435;392;255;253;136;
132;Guillain Barre Syndrome TR;10000;7344;5000;2950;2900;2650;2600;1550;1234;740;880;787;727;330;165;82.6;41.75;20.87;30;7344;4412;5000;
133;Haemophilia tonic;778;845;751;
134;Haemophilus influenzae HC;16728.45;832.86;
135;Hair human;646;
136;Halitosis (bad breath);1550;802;880;787;727;20;
137;Hallucinations;10000;880;787;727;20;
138;Hand foot and mouth syndrome;232;237;1214;1243;1244;1271;5411;
139;Hangover;10000;522;146;
140;Hay fever (only some types);880;787;727;20;
141;Head injury followup (Seek medical attention!);9.6;3000;880;787;727;522;72;5.8;4.9;
142;Headaches;144;160;1.2;520;10;10000;304;
143;Headaches from vertebral misalignment;9.6;3000;
144;Headaches comp;10000;3000;880;787;727;650;625;600;522;520;304;160;146;144;125;95;73;20;10;9.6;9.39;7.83;6.3;5.8;4.9;4;1.2;
145;Headaches due to parasites;125;95;73;20;727;3000;
146;Headaches due to toxicity;522;146;4.9;3000;880;787;727;20;
147;Headaches unknown cause;10;4;5.8;6.3;7.83;3000;650;625;600;
148;Headache surogenitally caused;9.39;3000;
149;Healing and regeneration;2720;266;47;
150;Heart general;20;81;162;5000;
151;Heart tonic (lab animals only);80;160;20;73;3.9;3000;880;787;727;465;162;125;95;20;1.2;
152;Heartburn chronic;676;832;2720;2170;2127;1800;1600;1550;802;1500;880;787;727;685;465;444;1865;125;95;72;20;
153;Heavy metal toxicity TR;31905.6;38014.4;39032.6;43644.3;56656.4;76677.5;43644.3;38014.3;4202.3;5333.7;9887;1902;317;
154;Helicobacter pylori (ulcer);2950;2819;2779;2167;880;728;705;695;676;352;347;
155;Helicobacter pylori 1;2167;728;880;2950;
156;Helicobacter pylori 2;695;2779;705;2819;
157;Helminthosporium;793;969;
158;Hemobartinella felis;603;957;
159;Hemophilia;603;
160;Hemorrage;1550;802;
161;Hemorrhoids;4474;6117;774;1550;447;880;802;727;
162;Hepatitis A;321;346;414;423;487;558;578;693;786;878;3220;717;
163;Hepatitis B;334;433;767;869;876;477;574;752;779;
164;Hepatitis BHC (antigen);20562.06;1023.72;
165;Hepatitis C;5000;3220;3176;2489;2189;1865;1600;1550;1500;1371;933;931;929;880;802;665;650;633;625;528;444;329;317;250;224;166;146;125;95;72;28;20;
166;Hepatitis C1;10000;5000;3220;3176;2489;1865;1600;1550;1500;880;802;665;650;600;444;250;166;146;125;95;72;28;20;
167;Hepatitis C TR;728;166;224;317;727;787;880;2189;
168;Hepatitis general;1550;1351;922;880;802;727;477;329;317;224;28;
169;Hepatitis general secondary;284;458;477;534;788;922;9670;768;777;1041;
170;Hepatitis general v;987;934;922;878;876;842;786;781;563;562;558;534;528;477;334;321;317;224;213;166;
171;Hernia;10000;787;727;2720;5000;
172;Herpes general;2950;1900;1577;1550;1489;1488;629;464;450;383;304;165;141;
173;Herpes general secondary;37000;
174;Herpes general v;165;141;383;450;629;
175;Herpes progenetalis (genital);141;878;898;5310;440;171;660;590;1175;
176;Herpes simplex I(secondary.Coldsores:primarilynon;genital;firsttryHerpes;general);322;476;589;664;785;822;895;944;1043;1614;2062;1489;2950;
177;Herpes simplex I 1;339;343;480;591;778;782;843;1614;657;699;700;734;
178;Herpes simplex I 2;2489;1800;465;1550;1500;880;787;727;1850;428;
179;Herpes simplex I 3;470;647;648;650;652;654;656;658;660;847;5641;8650;
180;Herpes simplex I 4;2950;
181;Herpes simplex I HC;14537.82;17201.43;723.80;856.41;
182;Herpes simplex II;556;832;
183;Herpes simplex II HC;17923.34;17674.41;892.35;879.96;
184;Herpes simplex IU2;808;
185;Herpes simplex RTI;10000;5000;3176;2489;186;372;427;446;465;484;503;522;541;560;579;598;617;636;655;674;693;712;731;750;769;788;807;826;845;864;883;902;921;940;959;978;997;1016;1035;1054;1073;1488;1550;1568;1644;1865;1909;2976;5310;5952;
186;Herpes TR;2950;322;476;468;589;664;785;822;895;936;944;1043;1614;1871;2062;1489;3742;748;
187;Herpes type 1 anec comp;8650;7484;5641;3742;2950;2489;1871;1850;1800;1614;1550;1500;935.5;880;847;843;787;782;778;734;727;700;660;656;652;648;591;480;467.8;428;343;339;
188;Herpes type 2 comp;8778;1402;888;880;848;846;832;808;776;732;717;685;665;556;540;532;528;373;370;366;362;
189;Herpes type 2A;532;848;
190;Herpes type 2A secondary;360;362;364;366;368;370;373;528;685;846;880;888;8778;540;665;716;717;718;731;732;733;776;1402;
191;Herpes type 5;126;597;629;682;1045;2145;8848;8856;
192;Herpes type C;395;424;460;533;554;701;745;2450;
193;Herpes zoster (chickenpox,shingles);3343;2320;2170;1600;1500;1160;914;880;833;802;787;664;580;3.9;
194;Herpes zoster 1;10000;833;802;3.9;
195;Herpes zoster secondary;1550;802;1800;1865;728;2720;2128;5000;464;800;574;1557;304;20;
196;Herpes zoster v;7160;3343;2431;2323;1577;1544;40887;958;934;787;786;738;718;716;686;668;643;576;574;573;572;563;554;542;453;446;436;425;423;411;345;333;223;134;
197;Hiccups;20;10000;
198;Hip pain;880;787;727;20;
199;Hirudo medicinalis;128;
200;Histomonas meleagridis HC;18769.72;934.49;
201;Histoplasma;424;616;749;
202;Histoplasma capsulatum HC;15035.69;748.58;
203;HIV;683;714;3554;830;450;
204;HIV HC;18172.28;904.74;
205;Hoarseness;880;760;727;
206;Hormodendrum;663;678;695;532;627;
207;Hormonalim balances;5.5;
208;Hot flashes (complications);10000;880;787;727;
209;Household insect mix;723;100;
210;Human Tlymphocyte Virus 1;725;2432;243;6353;732;844;646;
211;Human Tlymphocyte Virus 2 (for Gulf War syndrome);725;1230;245;314;965;
212;Human Tlymphocyte Virus 3 (for AIDS);633;1220;6230;8225;111;392;776;837;1675;2664;3806;714;
213;Human Tlymphocyte Virus 4;444;2323;
214;Human Tlymphocyte Virus 5;83;235;645;2323;3432;4093;5532;
215;Human Tlymphocyte Virus 6;702;747;2245;183;
216;Hydrocele (fluid in testicle);880;787;727;
217;Hyperacidity stomach;7.82;20;230;
218;Hyperosmia (over acute smell and taste);20;10000;522;146;
219;Hyperparathyroidism;4.6;9.5;9.6;
220;Hypertension;3176;2112;20;95;324;528;15;9.19;7.83;6;10000;880;787;727;304;
221;Hypertension renin induced;9.19;6;
222;Hypertension spastic;95;
223;Hyperthyroid;3;0.5;
224;Hypochondrium upper abdomen;20;10000;
225;Hypophyseal disturbances (pituitary);4;
226;Hypotension (low blood pressure);20;727;787;880;
227;Hypothyroid;2;12;35;16000;10000;160;80;20;
228;Hypoxia (low oxygen);727;787;880;10000;
229;Icterus haemolytic;243;768;
230;Ileocolitis colon inflammation;802;832;440;
231;Immune system stabilization TR;330;10000;7344;5000;1550;1234;740;880;835;787;727;30;
232;Immune system stimulation;10000;5611;5000;4014;3448;3347;3176;2929;2867;2855;2791;2720;2489;2180;2128;2008;1862;1488;880;800;787;728;665;464;432;304;120;20;8;
233;Impotence (many classes);9.39;2127;2008;465;10000;880;802;787;727;690;666;125;95;73;72;20;650;625;600;
234;Incontinence 1;2250;2050;2128;690;666;
235;Infantile paralysis;1500;880;787;727;776;5000;10000;
236;Infections general;1550;880;802;786;728;465;444;125;95;72;48;20;304;1.2;5500;676;422;766;
237;Infections general secondary;5000;1600;1500;832;776;760;700;690;666;650;625;600;1865;500;450;440;428;660;2112;
238;Infections general tertiary;1800;2720;2489;832;3040;2008;1850;610;732;751;40000;
239;Infertility;2127;2008;465;880;802;787;727;690;666;650;625;600;9.39;
240;Inflammation general;1.5;3.6;
241;Influencinum Berlin55;430;720;733;787;
242;Influencinum vesic NW;332;364;519;588;590;238;239;715;
243;Influencinum vesic SW;433;645;658;824;
244;Influencinum vesica general (blisters);203;292;588;612;975;407;682;
245;Influenza;7766;7764;7762;7760;7344;5000;3672;2720;2050;2008;1947;1674;1550;1500;1234;885;880;875;800;786;728;683;512;464;440;304;20;
246;Influenza 1990;10000;880;727;330;728;
247;Influenza 1957 A Asian;768;574;
248;Influenza 1978;844;814;610;
249;Influenza 1979;123;513;522;565;788;601;
250;Influenza 1983;424;730;734;428;
251;Influenza 1989;216;322;627;703;748;
252;Influenza 1993;522;615;778;850;959;
253;Influenza 1993 secondary;207;254;580s;848;947;7967;8910;739;741;760;765;773;915;
254;Influenza 1994;689;697;699;798;
255;Influenza 1994 secondary;337;690;868;869;702;727;729;776;779;
256;Influenza 1997,1998;2008;880;787;727;35;20;465;
257;Influenza 2 99,00;440;465;613;666;727;787;800;1000;5000;10000;
258;Influenza 2003,2004 1;7344;3672;1234;880;743;727;683;464;452;333;72;200;93.9;2720;2489;1800;1600;1550;885;875;832;802;787;776;766;1500;832;787;650;625;600;465;144;582;
259;Influenza 2003,2004 2;8911.25;9113.5;9141.5;9393.13;6654.69;7255;7284.06;8041.5;10334.06;10346.56;10976.38;7414.28;7631.09;7632.66;7667.38;7676.94;8045.81;8082.59;8305.19;5548.59;5549.22;5554.69;5554.84;5558.75;5560.78;5562.5;7118.2;5045.03;6752.01;
260;Influenza 2005 fall TR;2950;322;476;468;589;664;785;822;895;936;944;1043;1614;1871;2062;1489;3742;748;
261;Influenza 2005,2006 TR;2748.8;5695.9;2856.7;2935.4;4159.2;4534.4;2276.3;2504.5;3229.4;6466.6;1715.1;4633.9;4769.4;1192.6;599;2390;1257.2;315.7;5190.7;1734;6936.5;867.9;434;217.1;6951;4448.9;6306.3;4220;8478;1216;1214;1060;1010;935;778;777;465;457;445;433;425;
262;Influenza A and BHC (flushot);15931.86;15682.93;793.20;780.81;
263;Influenza aches and respiratory;440;512;683;728;784;787;800;875;880;885;2050;2720;5000;7760;7766;304;
264;Influenza and Cold 1 (winter 01 to 02);959;962;
265;Influenza Asian grippe A;516;656;434;
266;Influenza autumn 1998;250;465;8210;8700;7760;
267;Influenza Bach Poly;122;350;487;572;634;768;823;1043;1272;764;771;
268;Influenza general 1 (winter 98 to 99);6984;6986;6988;6990;6992;6994;6996;6998;7000;7002;7004;7006;7008;7010;7012;7014;7016;
269;Influenza grippe 1986 tri;532;588;660;662;664;666;668;670;994;462;712;
270;Influenza grippe 1987;140;332;581;953;4868;730;
271;Influenza grippe 1988;267;536;568;2050;752;781;
272;Influenza grippe 1989;353;536;874;
273;Influenza grippe 1990;541;560;656;
274;Influenza grippe general;343;500;512;541;862;1000;1192;3012;3423;10223;
275;Influenza grippe vapch;153;343;
276;Influenza haemophilus;542;552;885;959;734;633.1;2532.4;
277;Influenza haemophilus type B;652;942;483;731;746;
278;Influenza spanish;462;787;
279;Influenza overnight TR 1;10223;10000;9090;8910;8700;8250;8210;8000;7967;7766;7764;7762;7760;7344;6984;6986;6988;6990;6992;6994;
280;Influenza overnight TR 2;6996;6998;7000;7002;7004;7006;7008;7010;7012;7014;7016;5608;5000;4868;3672;3423;3122;3012;2720;2544;
281;Influenza overnight TR 3;2532.4;2489;2558;2398;2050;2008;1947;1922;1800;1674;1600;1550;1500;1422;1272;1242;1234;1215;1192;1191;
282;Influenza overnight TR 4;1186;1043;1020;1000;995;994;985;984;969;967;962;959;954;953;947;946;945;942;932;922;915;895;889;885;
283;Influenza overnight TR 5;880;878;875;874;869;868;863;862;861;850;848;844;841;839;836;833;832;823;814;802;800;798;788;787;786;
284;Influenza overnight TR 6;784;782;781;780;779;778;777;776;773;771;770;768;766;765;764;763;762;761;760;758;757;756;753;752;750;
285;Influenza overnight TR 7;748;746;745;743;742;741;740;739;734;732;731;730;729;728;727;726;724;722;720;715;713;712;703;702;699;
286;Influenza overnight TR 8;697;690;689;687;683;680;679;678;676;674;672;670;668;666;664;663;662;660;656;653;652;651;650;649;647;
287;Influenza overnight TR 9;640;632;634;633.1;627;625;615;613;610;601;600;597;588;582;581;580;574;572;568;566;565;560;558;555;553;
288;Influenza overnight TR 10;552;542;541;537;536;535;534;532;530;525;524;523;522;518;516;513;512;500;496;487;483;482;472;469;468;
289;Influenza overnight TR 11;465;464;462;461;457;452;447;442;440;434;432;428;425;424;421;413;387;360;358;356;354;353;352;350;345;
290;Influenza overnight TR 12;343;341;340;338;337;336;334;333;332;330;324;322;316;304;272;267;254;250;232;216;207;200;153;144;140;
291;Influenza overnight TR 13;123;122;93.9;72;47;35;20;
292;Influenza triple nosode;421;632;1242;1422;1922;3122;
293;Influenza V grippe;861;
294;Influenza V2 grippe;324;652;653;
295;Influenza V3 grippe;550;553;
296;Influenza V4 grippe;232;352;2558;
297;Influenza V5 grippe;945;518;
298;Influenza V75 Victoria;343;316;1020;
299;Influenza VA2 grippe;334;472;496;833;836;922;728;
300;Influenza VA2 L grippe;447;
301;Influenza virus 19911992;153;345;387;758;984;985;
302;Influenza virus 1991,1992 secondary;330;332;334;336;338;340;350;352;354;356;358;360;525;632;740;761;762;776;777;780;
303;Influenza virus 1992,1993;535;946;
304;Influenza virus 1992,1993 secondary;272;534;566;668;674;776;782;947;632;640;713;715;742;773;777;
305;Influenza virus 1993,1994;757;885;895;969;
306;Influenza virus 1993,1994 secondary;447;457;597;756;764;776;798;878;967;9090;663;720;728;729;745;762;764;770;773;779;
307;Influenza virus A;322;332;776;
308;Influenza virus A 1974;442;
309;Influenza virus A Port Chalmers;622;863;
310;Influenza virus B;468;530;532;536;537;568;722;740;742;744;746;748;750;1186;679;
311;Influenza virus B Hong Kong;555;
312;Influenza virus British;558;932;
313;Influenza virus general;728;800;880;7760;8000;8250;
314;Influenza virus swine;413;432;663;839;995;
315;Influenza with Fever v;954;889;841;787;763;753;742;523;513;482;469;461;425;341;332;
316;Influenza with respiratory 1 (winter 99 to 00);47;1191;2398;2544;5608;7760;7766;672;674;676;678;680;647;649;651;653;1215;724;726;728;730;732;746;768;687;
317;Influenzum toxicum;854;
318;Injection allergic reaction;10000;
319;Insomnia;3.59;3;7.83;10;1550;1500;880;802;6000;304;
320;Intelligence and clarity of thought;20;10000;
321;Intercostal neuralgia;3000;1550;880;802;787;776;727;125;20;1865;444;
322;Interleukin (stimulate lymphocyte production);3448;2929;4014;5611;2867;2855;2791;
323;Intermittent claudication;45;48;
324;Intestinal problems colon;10;440;880;787;727;
325;Intestinal problems general;802;
326;Intestines inflammation;727;787;880;832;1550;105;791;
327;Iodamoeba butschlii HC;22155.25;1103.04;
328;Irritable bowel syndrome;6766;5429;4334;2018;1550;880;832;829;812;802;787;727;465;422;407;334;20;
329;Itching (pruritis);880;787;727;444;125;95;72;20;1865;3176;