1;Abdominal inflammation;2720;2489;2170;2000;1865;1800;1600;1550;880;832;802;787;776;727;660;465;450;444;440;428;380;250;146;125;95;72;20;1.2;
2;Abdominal pain;10000;3000;95;3
3;Abscesses;2720;2170;1865;1550;880;802;787;727;500;444;190;
4;Abscesses 1;2720;2170;1865;1550;880;802;787;760;727;690;660;500;465;450;444;428;190;
5;Abscesses secondary;1550;802;760;660;465;450;444;428;
6;Acidosis;10000;880;802;787;776;727;146;20;
7;Acne;2720;2170;1800;1600;1550;1552;1500;802;880;778;787;760;741;727;660;564;465;450;444;428;
8;Aconite;3347;5611;2791;
9;Actinobacillus;488;565;672;674;678;773;766;768;776;777;778;822;885;887;7877;9687;42664;42666;46668;46787;
10;Actinomy cesisraelii;23;222;262;2154;465;488;567;7880;10000;787;747;727;20;660;690;160;73;1.1;
11;Acupuncture disturbance field;5.9;
12;Acute pain;3000;95;10000;1550;802;880;787;727;690;666;
13;Adenoids;1550;802;880;787;776;727;444;20;428;660;2720;2170;14;333;523;768;786;428;1865;590;690;780;807;810;1570;2000;
14;Adenoma cervical;433;
15;Adenovirus;333;523;666;786;768;959;962;
16;Adenovirus 36;8875;6140;5859;5797;5219;
17;Adenovirus comp;10000;7767;7762;7702;7009;7001;6989;5000;4868;2720;2050;1500;1395;1062;1060;1034;1009;969;968;962;959;960;952;951;942;880;1550;802;787;768;728;690;660;555;523;522;1865;444;333;300;180;160;125;95;72;60;48;26;20;
18;Adenovirus HC;28729.05;16628.88;18471.00;18670.15;19566.32;1407.93;827.90;919.62;929.53;974.15;
19;Adhesions;2720;2170;1550;802;880;787;776;760;727;660;190;
20;Adnexitis;440;441;522;572;3343;3833;5312;
21;Adrenal stimulant;10;20;2250;
22;Adynamia geriatric;410;220;100;60;27.5;
23;Aflatoxin;344;510;943;474;476;568;
24;Aflatoxin HC;438.74;466.01;9359.97;8812.31;
25;African trypanosomiasis;656;988;780;
26;Agyfla HC;3534.88;175.99;
27;AIDS 1 (not for use in U.S.);2489;465;727;787;880;1550;1500;1.2;31000;31750;34750;
28;AIDS 2;1.44;1550;1500;249;418;727;787;880;2489;3100;3175;3475;
29;AIDS secondary;1113;2128;6121;33;
30;Akathisia;230;7.83;3;
31;Alcoholism;10000;
32;Allergy;10000;7344;5000;1550;1234;740;880;835;787;727;500;330;160;30;3;
33;Allergy 1;10000;1865;880;787;727;690;660;555;522;473;444;330;290;146;125;95;72;33;20;3;
34;Allergy pollen;116113;119061.03;119441.8;
35;Alopecia (loss of hair);10000;30000;5000;2720;2170;1552;880;800;787;727;465;330;146;95;28;20;3;
36;Alpha streptococcus HC;18919.09;18670.15;941.93;929.53;
37;ALS 1;2900;864;790;690;610;470;484;986;644;254;
38;ALS 2;5000;3636;2632;1850;1500;1488;1422;1189;1044;922;868;845;822;788;776;766;742;733;721;676;654;625;620;607;608;609;610;611;612;613;595;515;487;461;435;423;380;322;283;232;144;136;20;
39;ALS 3;2900;
40;ALS 4;10000;5000;2900;2750;2700;2145;938;862;841;777;766;741;739;688;682;660;572;532;520;477;442;433;344;343;342;338;324;322;253;242;112;
41;ALS 5;2900;986;864;790;728;690;660;644;980;692;610;484;254;
42;Alternaria tenuis;853;304;
43;Alzheimers 1;430;620;624;840;866;5148;2213;19180.5;742.4;303;23.2;3773.3;943.3;471.66;470.9;941.8;3767.3;
44;Alzheimers 2;19180.5;2213;5148;866;840;624;620;430;
45;Alzheimers;430;620;624;866;5148;2213;1918;742.4;303;23.2;2900;864;790;690;610;470;484;986;644;254;30;33;6;
46;Amenorrhea;10000;880;1550;802;787;760;727;465;20;
47;Amoeba;310;333;532;732;769;827;1522;
48;Amoeba hepar abcess;344;605;510;943;
49;Anal itching;10000;880;787;760;727;465;125;120;95;72;444;1865;20;773;826;827;835;4152;
50;Anaphylaxis;10000;
51;Anaplasma marginale HC;19267.60;959.28;21010.14;1046.03;
52;Aneurysm;880;787;760;727;465;125;95;72;444;1865;20;727;
53;Angina quinsy;787;776;727;690;465;428;660;
54;Angina pectoris;3;230;2720;2170;1800;1600;1500;880;832;787;776;727;465;444;1865;125;95;72;20;660;7.83;
55;Ankylosing spondylitis;3000;95;1550;802;880;787;776;727;650;625;600;28;10;35;28;7.69;1.2;110;100;60;428;680;326;
56;Anosmia (loss of smell);20;10000;
57;Anthrax;4000;16655;1370;1365;930;900;768;633;500;420;414;400;273;224;129;
58;Anthrax 1;644;643;642;639;638;637;634;633;632;629;628;627;624;623;622;
59;Anxiety;1.5;6.8;7.8;95;10000;
60;Apoplexy stroke paralysis;40;1800;880;787;727;650;625;600;125;95;72;20;1865;522;428;
61;Appendicitis (Seek medical help!);1550;802;880;787;727;444;380;190;10;650;444;522;125;95;72;20;522;146;440;450;
62;Appendicitis 1;1770;1570;880;807;804;1550;802;787;728;690;660;622;650;625;600;450;1865;444;440;380;190;146;125;522;95;72;20;10;
63;Appetite lack of;465;444;1865;125;95;72;20;10000;880;787;727;
64;Arenas tennus;667;
65;Arnica;1042;1032;
66;Arryhthmia heart;696;7.83;
67;Arsenic alb;562;
68;Arteriosclerosis;10000;2720;2170;1800;1600;1500;880;787;776;727;20;
69;Arthritis 1;120;962;727;787;880;1550;802;1664;80;60;40;30;25;26;20;10;5000;10000;7.69;3;1.2;28;1.5;
70;Arthritis A;1500;727;784;880;
71;Arthritis arthralgia due to gout;9.39;
72;Arthritis arthrosis and parathyroid disturbances affecting calcium metabolism;9.6;
73;Arthritis focal origin gastrogenic tonsiltogenic and paresis;9.39;
74;Arthritis general;10000;5000;2720;1664;1550;1500;962;880;802;800;787;776;766;727;688;683;650;625;600;120;20;
75;Arthritis;10000;5000;3176;3000;2720;1664;1550;1500;880;802;787;770;728;690;660;512;250;230;120;100;80;60;40;30;28;26;25;20;10;9.4;9.39;7.7;7.69;3;1.5;1.2;
76;Arthritis rheumatoid;250;1.2;650;625;600;787;727;262;776;766;
77;Arthritis secondary;2720;1000;1500;770;
78;Asian grippe A;516;656;434;
79;Aspergillus flavus;1823;247;1972;
80;Aspergillus general;1972;1823;758;743;697;524;374;339;247;
81;Aspergillus glaucus;524;758;
82;Aspergillus niger;374;697;
83;Aspergillus terreus;743;339;
84;Asthma;7344;3702;3672;2720;2170;1800;1600;1500;1283;1234;1233;880;787;727;522;444;146;125;95;72;20;0.5;
85;Asthma 1;1283;1233;4.7;
86;Asthma 2;1234;3672;7346;727;787;880;10000;47;120;
87;Asthma v;3125;3124;890;886;871;822;782;756;712;665;633;521;515;487;434;411;322;263;172;128;
88;Ataxia;2720;2170;1800;1600;1500;880;787;776;727;650;625;600;444;1865;125;95;72;20;
89;Ataxia spastic;9.19;8.25;7.69;
90;Atherosclerosis;7543.4;7520.5;4710.5;3773.3;3760.3;1886;1880;943.3;940;620;479;471.66;470.9;941.8;3767.3;7160;3343;2431;2323;1577;1544;40887;958;934;787;786;738;718;716;686;668;643;576;574;573;572;563;554;542;453;446;436;425;423;411;345;333;223;134;
91;Athletes foot;20;379;727;787;880;5000;644;766;464;802;1552;9999;3176;304
92;Atmenic Alb;562;
93;Autointoxication;522;146;1550;10000;800;880;787;727;20;
94;Babesia;76;570;1583;1584;432;753;5776;
95;Bacillinum;132;423;432;785;853;854;921;1027;1042;1932;
96;Bacillus anthracis HC;19665.89;18122.49;18321.64;19317.38;961.76;912.18;902.27;979.11;
97;Baccilus cereus;18645.26;928.29;
98;Bacillus Coli Rod Form;8020;800;683;417;318;
99;Bacillus Coli Virus;17220;11103;8581;2872;1722;1552;770;
100;Bacillus infections;787;880;802;727;1552;800;
101;Bacillus lichenoformis;2655;21554;
102;Bacillus subtilis;432;722;822;1246;
103;Bacillus subtilis niger HC;19168.02;18919.09;18670.15;954.32;941.93;929.53;
104;Bacillus thuringiensis;520;2551;902;1405;
105;Backache;10000;1550;880;802;787;760;727;305;212;41.2;33;
106;Backache 2;787;784;776;728;727;465;432;9.6;9.4;9.3;7.7;7.6;3;0.5;
107;Backache and spasms;120;212;240;424;465;528;760;727;787;880;1550;2112;5000;10000;
108;Backache chronic lower;728;
109;Bacteria Lactis Nosode;512;526;798;951;5412;
110;Bacterial capsules HC;20786.10;17923.34;1034.88;892.35;
111;Bacterial infections general;20;465;866;664;690;727;787;832;800;880;1550;784;
112;Bacterium coli;642;358;539;
113;Bacterium coli commune combination;282;333;413;957;1320;1722;
114;Bacteroides fragilis;633;634;635;636;637;
115;Bacteroides fragilis HC;16180.80;16230.58;808.07;805.59;
116;Bakers Yeast allergy;775;843;1000;
117;Balantidium coli HC;22902.05;1140.23;
118;Bantis syndrome;1778;
119;Barley smut;377;224;1447;
120;Barretts esophagus;10000;880;802;787;776;676;727;20;146;2127.5;
121;Bartonella henslae;364;379;645;654;786;840;842;844;846;848;850;857;967;6878;634;696;716;1518;
122;Basidiomycetes;751;
123;BC G Vaccine;277;768;832;725;
124;Bed wetting;1550;880;802;787;727;465;120;112;7.83;
125;Bedsores;880;1550;802;787;784;728;727;465;20;1.2;73;
126;Bells Palsy;2.4;3;3.9;7.83;20;27.57;33;35;40;47.5;57.5;72;90.88;110;125;194;222;304;393.5;464;565.5;600;625;650;727;776;787;833;880;932.5;1250;
127;Bermuda smut;422;767;847;971;644;780;
128;Besnoitia HC;17823.77;887.39;
129;Beta streptococcus HC;19168.02;954.32;
130;Biliary cirrhosis;381;514;677;2271;1250;170;715;774;776;
131;Biliary headache;8.5;3.5;
132;Biliousness;1550;802;10000;880;832;787;727;465;
133;Bilirubin;717;726;731;863;9305;649;734;
134;Black widow spider;376;728;
135;Bladder/prostate complaints;2050;880;1550;802;787;727;465;20;9.39;
136;Bladder TBC;642;771;360;726;724;
137;Blastocystis hominis;365;595;844;848;1201;1243;5777;11425;11841;11967;13145;13469;21776;
138;Blepharisma;3120;
139;Blepharisma HC;20238.44;1007.61;
140;Blood diseases;880;787;727;
141;Blue cohosh;364;
142;Bone and periodontal disease;47.5;1800;1600;650;625;600;880;787;776;728
143;Bone regeneration;2720;10000;
144;Bone spurs;1.2;120;250;
145;Bone trauma;380;1550;802;10000;880;787;727;2720;
146;Bordertella pertussis HC;16479.52;820.47;
147;Borrelia burgdorferi HC;18919.09;941.93;
148;Botrytis;1545;
149;Botrytis cinereas;1132;212;
150;Botulinum;518;533;639;172;1372;691;683;253;435;668;775;2688;660;690;727;802;1550;831;1552;10000
151;Brachial neuralgia;0.5;
152;Brain beta stim;7.83;22;19.5;
153;Branhamella Moraxella catarrhalis;2013;579;581;687;770;772;775;778;2013;
154;Branhamella Neisseria catarrhalis HC;19715.68;981.59;
155;Breast fibroid cysts;1550;1384;880;802;787;776;727;690;666;267
156;Breast tumor benign;174;482;785;1132;5311;3965;405;633;191;178;731;6646;178;739.8;2959.4;1234;3702;3672;7344;7760;10357;10380;
157;Breathing deep;1234;3702;3672;7344;7760;
158;Bronchiectasis;342;510;778;
159;Bronchitis;7344;3672;1234;880;743;727;683;464;452;333;72;20;9.39;9.35;
160;Bronchitis secondary;776;766;688;
161;Brown recluse spider bite (use Echinacea, vitamin C);724;884;1830;3260;30008;
162;Brucella abortus;1423;
163;Brucella melitensis;748;643;695;
164;Bruises;9.1;110;10000;
165;Bubonic plague sec. infections;880;787;727;20;
166;Bunion pain;20;
167;Burns;190;10000;880;787;727;465;200;
168;Bursitis;880;787;727;
169;Caeliacia;674;
170;Calcifications;326;
171;Calming;6000;
172;Campylobacter;732;733;1633;1834;2222;786;768;523;333;378;705.86;2823.5;
173;Campylobacter fetus HC (smear);18321.64;912.18;
174;Campylobacter pyloridid HC;17674.41;879.96;
175;Cancer (Basic comprehensive);10000;11780;21275;17034;11430;10025;6766;6064;5000;3713;3176;3040;2950;2876;2790;2720;2452;2189;2182;2128;2127;2084;2048;2008;1604;1552;1489;880;854;800;784;776;766;728;690;683;676;666;524;464;333;120;20;
176;Cancer adenocarcinoma;47;2182;2219;832;2084;2127;2160;2452;2876;
177;Cancer adenoma;433;
178;Cancer astrocytoma;857;9.19;8.25;7.69;2170;543;641;2127;880;690;666;
179;Cancer bladder TBC;642;771;360;726;724;
180;Cancer breast;3072;2950;2876;2191;2189;2187;2184;2182;2152;2128;2127;2120;2116;2112;2104;2100;2008;1550;866;802;732;676;666;166;120;
181;Cancer breast 1;3672;2008;2063;2103;2128;2146;2133;2162;2173;2180;2189;2208;2263;2289;2333;1865;444;125;95;72;48;
182;Cancer breast 2;656;127;1582;478;982;2134;2120;9000;9999;304;
183;Cancer breast 3;2128;33;1131;
184;Cancer breast secondary;422;942;4412;1862;808;1552;728;2720;1234;690;2160;2136;477;28;317;96;3176;3040;2145;2048;1830;2112;
185;Cancer BX virus;11780000;17033662;1604368;21725;17034;46015.6;23007.8;11503.9;10025;3713;2876;2790;2128;2008;1604;
186;Cancer BX 2;21275;20080;17220;1604000;11780000;5318.8;8610;8020;5278.3;1675;5020;2128;2127.5;2127;2663;334;2655;5388.5;2385;6687.3;3324;8836.9;2521;7356;2787.5;5575;8368.2;1566.4;2008;5013;5013.5;10025;10026;10027;7037.5;263.11;
187;Cancer BY virus;11430000;20080;17034;11780;11430;3524;2128;2008;
188;Cancer carcinoma, larynx;327;524;731;1133;
189;Cancer carcinoma basal cell skin;2116;760;2128;2280;2876;
190;Cancer carcinoma basal cell skin 1;11546700;11546730;11546750;11546760;11546870;11546900;
191;Cancer carcinoma bronchial;462;776;852;1582;2104;2144;2184;3672;
192;Cancer carcinoma colon;656;
193;Cancer carcinoma general;2128;1820;
194;Cancer carcinoma liver 1;393;479;520;734;3130;
195;Cancer carcinoma liver fermentative;214;
196;Cancer carcinoma original crane;21275;2127.5;
197;Cancer carcinoma scan;728;690;2008;2104;2112;2120;2128;2136;2144;2152;2160;2168;2176;2184;2192;2200;2217;5000;9999;304
198;Cancer carcinoma uterine fermentative;127;
199;Cancer cells conidium head;728;
200;Cancer droglioma;853;
201;Cancer experimental additional frequencies;55.56;6.8;66.5;440;778;1050;1550;2180;663;3672;
202;Cancer fibrosarcoma;1744;
203;Cancer fibrous tumor secondary;1340;
204;Cancer gastric adeno carcinoma;676;
205;Cancer general 1;10000;5000;3176;2720;2489;2189;2184;2128;2084;2050;2008;880;854;800;784;728;666;524;464;333;304;120;
206;Cancer general 2;10000;3176;3040;2720;2489;2182;2127;2048;2008;1862;1552;880;802;786;727;665;664;465;304;125;96;72;64;20;
207;Cancer general 3;10000;3176;2950;2180;2128;2049;2008;1865;1488;943;886;866;776;732;728;690;676;650;523;442;414;304;240;128;
208;Cancer glioblastoma;720;2008;2128;2180;2182;728;832;800;664;20;855;543;641;857;
209;Cancer glioblastoma tremor;463;466;470;
210;Cancer gliomas;543;641;857;
211;Cancer harmonic series;66.5;133;199.5;266;332.5;399;465.5;532;598.5;665;
212;Cancer hodgkins disease;552;1522;
213;Cancer hodgkins TR;1552;552;5318.8;8610;8020;5278.3;1675;5020;2127;2663;334;2655;5388.5;2385;6687.3;3324;8836.9;2521;7356;2787.5;5575;8368.2;1566.4;	2008;5013;5013.5;10025;10026;10027;7037.5;263.11;
214;Cancer Kaposis sarcoma;249;418;647;
215;Cancer leukemia;2127;2008;880;787;727;690;666;2217;
216;Cancer leukemia feline (cat);258;332;414;424;535;536;544;830;901;918;997;741;743;1071.5;
217;Cancer leukemia hairy cell;122;622;932;5122;488;781;
218;Cancer leukemia lymphatic;478;833;
219;Cancer leukemia myeloid;422;822;
220;Cancer leukemia T cell;222;262;822;3042;3734;
221;Cancer leukemia TR;2127;2008;880;822;787;727;690;666;590;10000;2008;1850;450;440;422;428;2030;2030;2030;465;15;14;6.8;
222;Cancer lympho sarcoma;482;
223;Cancer maintenance secondary;120;250;428;465;600;626;650;661;664;667;690;728;776;784;800;802;832;880;1489;1550;1600;1865;2000;2012;2100;2170;2490;2730;
224;Cancer melanoma 1;10000;2217;2128;2127;2050;2008;1050;1000;880;787;728;666;495;465;450;125;100;95;80;60;45;20;10;7.5;
225;Cancer melanoma 2;2217;2128;2050;2008;1552;1102;1050;1000;979;907;880;802;787;728;666;495;466;465;450;125;110;100;95;80;60;45;20;10;7.5;
226;Cancer melanoma metastasis;979;
227;Cancer multiple myeloma;21275;11780;5122;4750;4213;2950;2145;2128;2107;2008;1488;822;781;647;526;475;422;418;263;249;
228;Cancer mycosis fungoides;852;
229;Cancer neuroblastoma exp);7027;6148;5270;4392;3513;2635;1757;878;
230;Cancer non Hodgkins 1;574;588;666;778;1078;1120;1340;1744;3524;3713;
231;Cancer non Hodgkins 2;2008;2004;2012;2116;2128;3672;7760;
232;Cancer not killed by 2008;2128;2180;2182;2184
233;Cancer pain;3000;95;2127;2008;727;690;666;
234;Cancer plasmacytoma;475;
235;Cancer prostate;20;60;72;95;125;666;727;787;790;766;800;920;1998;1875;442;2008;2127;2128;2217;2720;2050;2250;5000;2130;2120;690;304;
236;Cancer prostate 1;2128;2125;2131;2140;2145;666;3672;
237;Cancer prostate Vega 1;854;1840;2145;2288;
238;Cancer rhabdomyo sarcoma 1;2000;2005;2008;2016;2048;2084;2093;6024;2100;2128;2127;2184;2217;6384;728;784;880;464
239;Cancer rhabdomyo sarcoma embryonal;6384;6024;2586;2217;2184;2128;2127;2100;2093;2084;2060;2048;2040;2032;2016;2008;2005;2000;880;784;728;464
240;Cancer rhabdomyo sarcoma embryonal v;2586;5476;4445;
241;Cancer sarcoma general (BY);1755;3524;2007.5;2005;2015.9;2083.8;728;880;802;785;
242;Cancer tertiary;20;421;965;50;383;
243;Cancrumoris;20;727;787;802;880;
244;Candida;3176;2644;1403;1151;943;886;877;866;762;742;661;465;464;450;414;412;386;381;254.2;120;95;64;20;
245;Candida 1;10000;5000;3176;2489;1395;1276;1160;1044;928;877;812;728;696;580;465;464;381;348;232;116;58;20;
246;Candida 2;1403;675;709;2167;2128;2182;465;20;60;95;125;225;427;464;727;
247;Candida albicans HC;19217.81;956.80;
248;Candida carcinomas;2167;2128;2182;465;
249;Candida secondary;72;422;582;727;787;802;1016;1134;1153;1550;2222;412;543;2128;
250;Candida tertiary;880;95;125;20;60;225;427;240;650;688;152;442;8146;751;1146;
251;Candida tropicalis;1403;675;709;
252;Canine parvovirus;185;188;323;428;433;562;613;622;1000;4027;
253;Canine parvovirus mutant strain;323;514;
254;Canine parvovirus type B;323;535;613;755;761;764;766;768;
255;Carboanimalis;444;
256;Cardiacedema;9.19;
257;Carpal tunnel secondary;2008;666;
258;Carvularia spiratera;879;
259;Cataract;1830;728;784;787;800;880;10000;
260;Cataract 1;1830;1600;9999;1552;2110;1335;1654;2187;2195;2211;
261;Cataract 2;292;30;9.1;0.3;
262;Cataract brunescent (brown opacity in later life);2010;1335;1830;
263;Cataract complicated (disease,degeneration,surgery);1830;496;325;774;
264;Cataract general;10000;2211;2195;2187;2110;2010;1830;1654;1600;1552;1335;1335;880;800;787;784;774;728;496;325;
265;Catarrh;1800;1713;1550;802;800;880;787;727;444;20;
266;Causticum;540;1013;
267;Cells of Leudig (colon tonic);2500;
268;Cephalosporium;481;3966;544;
269;Cephalothecium;371;574;6933;
270;Cerebral palsy;880;787;727;522;146;
271;Cerebrospinal troubles;10000;
272;Cerumen (earwax);311;320;750;984;720;
273;Cervical polyp;277;288;867;687;744;
274;Cervicitis (womb neck inflammation);20;727;787;880;
275;Cervix adenoma (epithelial tumor of the cervix);433;
276;Chaetomiumglobosum;221;867;102;
277;Chakra base root (pulse at 4Hz);20;
278;Chelidonium;162;
279;Chemical sensitivity;727;
280;Chemtrail detox;664;7344;2842;1147;686.6;684.1;1113;779.9;829.3;679.2;865;969.9;1067;783.6;800.4;1045;1062;673.9;690.7;
281;Chest infection secondary;72;333;452;683;
282;Chilomastix HC (amoebacysts);19367.17;964.23;21209.29;1055.95;
283;Chilomonas HC;19815.25;986.54;
284;Chlamydia general;3773;3768;2223;2218;2213;942;866;840;622;555;470;430;
285;Chlamydia pneumoniae;7543.4;7520.5;4710.5;3773.3;3760.3;1886;1880;943.3;940;620;479;471.66;470.9;941.8;3767.3;
286;Chlamydia trachomatis;430;620;624;840;1111.4;2213;866;555.7;2222.8;
287;Chlamydia trachomatis HC;18968.87;944.40;
288;Cholecystitis acute (painful gallstone attack);481;743;865;928;
289;Cholecystitis chronic;432;1551;801;
290;Cholera;1035;968;961;851;844;843;691;591;556;330;
291;Cholera secondary;880;802;450;832;787;727;
292;Cholesteatoma;453;618;793;5058;
293;Cholesterinum;1386;173;620;635;780;
294;Chronic fatigue syndrome;10000;660;2127;787;465;424;664;120;880;1550;
295;Chronic Fatigue v;1902;1000;959;649;568;243;922;2422;730;1522;116;1489;962;172;1333;
296;Cimicifuga;334;594;
297;Circulation disturbances;40;9.39;
298;Circulatory stasis (stimulates blood circulation);40;2112;2145;2720;2489;
299;Cirrhosis biliary;381;514;677;2271;
300;Cirrhosis hepatitis;291;
301;Cladosporium fulvum (apathogenic fungus);438;233;776;510;
302;Clostridium acetobutylicum HC;19118.23;951.84;
303;Clostridium botulinum HC (causes food poisoning);18022.92;897.31;
304;Clostridium difficile;387;635;673;
305;Clostridium perringens HC (spores);19715.68;981.59;
306;Clostridium septicum HC;18122.49;902.27;
307;Coeliacia;154;594;656;586;668;787;7958;665;674;
308;Cold 1;5500;4400;802;787;727;720;552;440;400;125;72;800;880;
309;Cold 2;652;725;746;751;768;1110;333;666;542;522;
310;Cold 3;20;120;146;440;444;465;727;776;787;880;1500;1550;5000;1000;
311;Cold 4;3176;2489;880;800;728;
312;Cold 5;7728;4888;8238;2413;880;787;776;727;440;746;567;7880;787;300;310;1234;9999;
313;Cold 6;7660;7344;5000;3702;3672;2688;2400;1862;1550;1238;1234;1200;975;880;802;787;780;778;776;774;772;770;768;766;727;688;683;660;450;412;352
314;Cold and Flu;250;465;8210;8700;7760;
315;Cold and flu winter 01;959;962;
316;Cold in head/chest;10000;7344;4412;3176;2489;1550;880;802;787;776;766;728;712;688;683;665;660;600;444;333;20;
317;Cold 2005 TR;10000;7344;5000;2950;2900;2650;2600;1550;1234;740;880;787;727;330;165;82.6;41.75;20.87;30;
318;Colic-1550;832;802;787;727;20
319;Colitis and Diarrhea;10000;5000;1550;880;832;802;787;727;621;465;454;440;433;344;152;
320;Collectotrichum;1482;
321;Colon problems general;20;440;880;1552;802;832;
322;Colors (color decode from Jade Machine);2155;2055;960;920;858;815;800;745;677;640;624;470;
323;Comedones (blackhead);778;
324;Complete early crane 1;34750;31750;31000;10000;5000;3500;2720;2489;2452;2250;2200;2180;2130;2127.5;2120;2100;2093;2050;2008;2000;
325;Complete early crane 2;1998;1865;1862;1850;1840;1800;1600;1570;1560;1552;1550;1500;1100;1050;1027;1000;885;880;875;864;804;803;802;800;799;787;784;
326;Complete early crane 3;781;780;776;775;770;764;740;730;727.5;725;712;700;690;676;666;664;660;650;625;622;600;500;465;450;440;432;428;423;400;304;250;
327;Complete early crane 4;240;162;160;125;121;120;100;95;82;81;80;78;72;70;60;41;36;30;28;26;22;20;18;15;14;13;10;9;8;7;5.5;5;4;3.5;1.8;1;
328;Complete early rife 1;10000;5000;3500;2489;2250;2127.5;2093;2008;2000;1865;1850;1800;1600;1570;1560;1550;	
329;Complete early rife 2;1500;880;802;800;787;784;776;740;727.5;660;650;625;622;600;500;465;450;400;250;125;120;100;80;60;20;
330;Condylomata;466;
331;Conjunctivitis (pink eye);2025;1830;1552;1550;1246;1206;880;822;802;787;727;722;489;432;80;20;
332;Constipation;3176;1550;880;832;802;787;776;727;444;440;422;20;
333;Contusion (bruise);9.1;110;2720;
334;Convoforce;774;
335;Convulsions 1;10000;880;787;727;
336;Convulsions spasticity;9.19;8.25;7.69;
337;Coraforce;774;
338;Corallinus;533;
340;Corn smut;546;1642;289;
341;Corona virus SARS;9918;9740;4959;4870;2479.5;2435;1394.7;1369.6;1239.7;1217.5;774.8;760.9;619.9;608.7;464.9;456.5;309.9;304.4;155;152.2
342;Corynebacterium diptheriae HC;17027.18;847.73;
343;Corynebacterium xerosis HC;15732.71;783.29;
344;Costalgia (rib pain);10000;880;787;727;
345;Coughing;7760;7344;3702;3672;1550;1500;1234;776;766;728;720;688;683;530;525;524;522;514;444;440;432;146;125;95;72;20;7.7;0.5;
346;Cough lingering TR;4664.45;3444.55;2543.35;1666.35;3665.65;
347;Coughing from flu vaccine 1;453;550;674;728;1109;7160;634;639;1089;522;524;525;146;1500;1550;0.5;514;530;432;440;444;720;1234;3702;20;125;72;95;7.7;
348;Coxsackie B1;353;384;834;587;723;
349;Coxsackie B1 HC;18122.49;902.27;
350;Coxsackie B2;705;534;867;
351;Coxsackie B3;612;487;868;653;654;
352;Coxsackie B4;421;353;540;8632;
353;Coxsackie B4 HC;18047.81;898.55;
354;Coxsackie B5;462;1043;1083;569;647;708;774;
355;Coxsackie B6;488;736;814;343;551;657;668;669;
356;Coxsackie General;612;136;144;232;380;422;424;435;921;923;769;1189;595;676;
357;Cramping and nausea;72;95;190;880;832;787;727;20;4.9;
358;Cramps;10000;880;787;727;26;
359;Cramps menstrual;26;
360;Crinis humansis;646;
361;Crocus sotillus;710;
362;Crohns and bowel problems v;141;488;866;468;782;664;604;187;543;1423;972;110;133;979;173;233;672;510;447;350;
363;Crohns disease;10000;727;786;440;832;880;1550;20;
364;Croup;10000;7344;3702;3672;1234;1165;580;290;870;333;666;523;786;728;880;1550;960;712;278;683;688;776;766;444;95;72;20;
365;Cryptococcus neoformans;367;428;444;476;478;522;579;594;785;792;872;2121;5880;5884;597;613;624;
366;Cryptosporidium;220;482;575;4122;698;711;893;895;1276;5690;
367;Cunninghamella;311;323;
368;Curva spic;435;
369;Cyclospora;543;316;992;751;268;2144;
370;Cystovarian;982;
371;Cyst sebaceous TR;694;719;784;228;231;237;887;2890;222;262;2154;465;488;567;7880;10000;787;747;727;20;
372;Cyst solitary;75;76;543;
373;Cysticfibrosis;523;557;478;776;660;727;778;787;802;880;
374;Cystitis chronic;246;1550;880;802;787;727;465;20;
375;Cystopyelonephritis;1385;
376;Cytochalasin HC;4530.62;3833.60;225.57;190.86;
377;Cytomegalovirus;126;597;629;682;1045;2146;2144;2145;8848;8856;
378;Cytomegalovirus HC;20362.91;1013.81;
379;Cytophagarubra HC;21408.44;1065.86;
380;Deafness (partial to complete);10000;1550;880;802;787;727;20;
381;Deer tick 1;7989;289;737;738;271;671;773;
382;Dematiumnigrum;243;738;
383;Dengue fever TR;160;500;1600;5000;7344;4412;1550;1234;740;880;787;727;330;10000;5000;30;10551.5;5275.8;2627.9;
384;Dental and jawbone infections 1;7270;2720;2170;880;787;727;500;190;728;
385;Dental and jawbone infections 2;15;326;465;727;787;880;
386;Dental foci;5170;3000;2720;2489;1800;1600;1550;1500;880;832;802;787;776;727;666;650;646;600;465;190;95;47.5;
387;Dental general;728;784;635;640;1036;1043;1094;685;60;48;465;
388;Dental infection (roots and gums);960;660;666;690;727;784;787;800;880;1560;1840;1998;2489;
389;Dental infection 1;5170;3000;2720;2489;1800;1600;1550;1500;1094;1043;1036;880;832;802;787;776;727;685;666;650;646;640;635;600;465;190;95;60;48;47.5;
390;Dental infection 2;10000;5000;1562;1552;1550;880;800;799;787;784;776;774;728;727;664;620;464;254.2;120;64;20;
391;Dental infection and Earache 1;960;930;900;880;832;802;800;787;776;775;768;760;750;727;685;680;666;650;646.3;646;640;635;622.3;547;521;518;
392;Dental infections TR;3400;2489;1700;1560;
393;Dental infections v;981;138;142;177;183;210;222;233;436;534;626;723;835;875;5227;7059;
394;Depression anxiety trembling weakness;3.5;800;
395;Depression drugs or toxins;1.1;73;
396;Depression general;10000;5000;3176;800;787;73;35;7.83;3.5;1.1;
397;Detox and lymphs;10000;3176;3040;880;787;751;727;676;635;625;522;465;444;440;304;306;148;146;15.2;15.05;10.36;10;7.83;6.3;2.5;3176;
398;Detox assist;10000;3176;
399;Detox 1;10000;3176;522;164;89;24;
400;Diabetes 1 (Warning! large drop in blood sugar level);5000;2127;2080;2050;2013;2008;2003;2000;1850;880;803;800;787;727;660;484;465;440;35;20;6.8;
401;Diabetes 2;4200;2128;1865;1850;1550;787;465;444;125;95;72;48;302;
402;Diabetes associated infection;2020;800;727;786;190;80;20;
403;Diabetes secondary;10000;2720;2170;1800;1550;880;802;727;465;20;
404;Diabetes tertiary;1850;32000;4000;500;
405;Diabetic loading;35;700;
406;Diabetic toe ulcer 1;786;2112;1050;1.2;5000;832;20;
407;Diarrhea;1550;880;832;802;786;727;465;
408;Dientamoeba fragilis HC;20113.98;1001.42;
409;Diphtheria;10000;1000;925;800;788;776;624;590;432;340;151;
410;Diplococcus diptheriae HC;17973.13;894.83;
411;Diplococcus pneumoniae HC;17923.34;18172.28;892.35;904.74;
412;Disc herniated;727;787;2720;10000;
413;Distemper;242;253;254;255;312;442;551;573;624;671;712;760;940;950;1269;1950;8567;660;
414;Distortion (twisting of muscles,spine);9.1;110;
415;Diverticulitis acute;120;500;
416;Diverticulosis;154;934;
417;DNA repair (exp);528;731;732;
418;Dog and cat hostility;3.6;
419;Downs syndrome palliative;20;
420;Drug addiction;20;
421;Duodenitis;223;
422;Dupuytrens contracture;1.2;250;
423;Dysentery;1552;802;832;
424;Dysmenorrhea;26;4.9;1550;880;802;787;727;465;
425;Dyspepsia;10000;880;1550;832;800;787;727;465;444;20;125;95;72;4.9;