1;Rabies (lyssinum);20;120;547;793;
2;Radiation burns;727;787;880;10000;
3;Ragweed;473;
4;Raynauds disease;727;20;
5;Refractory an;435;
6;Regeneration and healing;47;2720;
7;Regeneration and healing 1;2720;2.0;20.5;3.9;4.0;50.5;6.3;148;7.0;
8;Relaxation to produce;6000;10;7.83;
9;Renal excretory insufficiency diastolic hypertensive;9.2;
10;Reproductive;335;536;622;712;
11;Respiratory syncytial virus;336;712;278;
12;Respiratory syncytial virus HC;18919.09;941.93;
13;Retrovirus variants;2489;465;727;787;880;448;800;10000;
14;Rhesus gravidatum;312;322;536;684;
15;Rheuma (watery discharge, nose or eyes);952;436;595;775;
16;Rheumaticus;333;376;820;
17;Rheumatism;10000;776;766;262;
18;Rhinitis (runny nose);20;120;1550;802;1500;880;787;727;465;522;146;
19;Rhino pneumonitis;185;367;820;487;
20;Rhizopus nigricans;132;327;775;659;660;
21;Rhodo torula;833;598;778;
22;Rhodococcus;124;835;432;764;337;682;720;
23;Rickettsia;129;632;943;1062;549;720;726;521;2085;4170;
24;Ringworm;5000;800;732;442;440;422;128;120;92;76;60;
25;Roaches (may target symbiot);100;
26;Rocky Mountain spotted fever;375;862;943;788;468;308;
27;Rocky Mtn Spotted Fever and Lyme v;7989;1590;239;846;422;417;1455;39975;40439;884;797;758;693;673;577;4870;4880;578;128;579;
28;Rotifer;4500;
29;Rukotick;6634;285;308;
30;Sacred numbers;70;72;99;144;153;1260;3142;
31;Salmonella (1);718.2;713.3;
32;Salmonella;1522;718;717;713;972;664;643;
33;Salmonella comp;8656;7771;6787;1634;1522;1244;972;773;762;754;752;719;718.2;717;713.3;711;707;693;664;643;546;420;165;92;59;
34;Salmonella enteriditis HC;16379.95;815.51;
35;Salmonella paratyphi B;59;92;643;707;717;719;752;972;7771;1244;6787;165;711;
36;Salmonella paratyphi HC;18321.64;912.18;
37;Salmonella type B;546;1634;
38;Salmonella typhi;420;664;8656;773;
39;Salmonella typhimurium;693;754;762;
40;Salmonella typhimurium HC;19168.02;19217.81;954.32;956.80;
41;Sanguis menst;591;
42;Sarcocystis HC;22503.75;1120.40;
43;Sarcoidosis;2167;2967;3289;
44;SARS 1;9563;6157;5513;3735;1559;33566;255616;1556;2286;5763;8015;162;563;5613;5235;
45;SARS 2;597.68;769.62;689.14;937.76;779.5;524.47;1048.94;499.25;998.5;778.12;1143;720.36;1001.86;648;563;701.6;654.4;
46;Scarlet fever;437;880;787;727;690;666;
47;Schizophrenia paranoid 1;802;1500;1550;
48;Schumann resonance (Earth frequencies);7.83;14;20;26;33;39;45;
49;Schunan B Cell;322;425;561;600;620;623;780;781;950;952;1023;1524;1097;1100;
50;Sciatica 1;254;464;465;866;15;25.4;
51;Sciatica 2;782;732;860;
52;Sciaticor schias;1550;802;880;787;727;690;666;10;
53;Scleroderma v;4334;42046;44178;49847;55687;67868;75969;35237;54778;44837;39703;31888;34112;36769;42938;38882;48686;30121;64734;44679;70542;48450;
54;Sclerosis lateral (degeneration of spinal cord);254;
55;Sedation and pain relief;304;6000;
56;Sedative effect;2.5;
57;Seizure 1;329;226;953;
58;Semperillium;1140;
59;Serratia marcescens HC;17475.26;870.04;
60;Serum schweinepest (swine fever or hog cholera);503;246;604;465;
61;Sexual dysfunction men;9.39;2112;2127;2008;465;880;802;787;727;690;666;124;95;73;72;20;650;625;600;
62;Shigella;621;762;769;770;1550;802;832;
63;Shigella dysenteriae HC;19421.39;966.93;
64;Shigella flexneri HC (causes depression);19616.10;976.63;
65;Shigella sonnei HC (invades tumors);15832.29;788.24;
66;Silver;15903;
67;Simian virus 40 (SV40);7635.45;6653.86;6346.71;5631.24;5543.65;2962.14;2642.24;1876.13;1413.46;1344.43;
68;Sinus Bacteria;548;
69;Sinusitis;952;741;682;320;160;
70;Sinusitis 1;1862;1600;1552;1500;880;802;784;732;728;712;683;660;548;524;464;440;400;146;120;72;20;
71;Sinusitis 2;125;160;367;472;600;615;625;650;820;952;1150;1520;1865;2000;4392;4400;4412;
72;Sinusitis 3;60;95;128;225;414;427;432;456;610;614;618;1234;2600;5500;304;
73;Sinusitis 4;107;160;952;942;320;741;682;1395;
74;Sinusitis frontalis;952;320;682;
75;Sinusitis maxillaris;160;741;
76;Sinusitis stubborn TR;10000;7344;5000;2950;2900;2650;2600;1550;1234;740;880;787;727;330165;82.6;41.75;20.87;30;
77;Sleeping sickness;120;20;
78;Slipped discs (spasms from microbial toxins);125;880;787;728;727;95;72;20;
79;Smallpox (variola);3222;2544;2132;1644;1550;876;832;802;569;542;511;476;142;
80;Smallpox secondary;334;360;471;647;506;711;880;787;727;20;
81;Smegma;153;180;638;
82;Sneezing;880;787;727;683;465;146;
83;Solfeggio scale;852;741;639;528;417;396;
84;Sore throat;2720;2489;1800;1600;1550;802;885;880;875;787;776;727;46.5;766;
85;Sore throat 1;34464;14080;4192;3552;2720;2489;2154;1800;1600;1550;802;885;880;875;787;776;727;46.5;766;222;262;
86;Sore throat comp 1;34464;14080;10000;8450;7880;5004;4192;3552;2720;2502;2489;2154;2111;1998;1840;1800;1600;1560;1550;1214;1000;925;885;880;875;
87;Sore throat comp 2;845;802;787;776;766;747;735;727;720;690;666;660;625.5;624;616;590;567;522;488;465;440;432;380;340;262;222;151;146;120;46.5;23;
88;Sore throat TR;2720;1800;144;452;
89;Sorghum smut;294;
90;Sorghum syrup HC;13791.02;686.61;
91;Spasms muscle;6.8;
92;Spastic paresis;30.87;48;
93;Sphaerotilus natans HC;19466.74;969.19;
94;Spirillum serpens HC;18919.09;941.93;
95;Spleen enlarged;35;787;3176;
96;Spleen secondary;10000;2720;2170;1800;1550;880;802;727;465;20;
97;Sporobolomyces;753;700;
98;Sporotrichum prutinosum;584;598;687;755;715;
99;Stammering;10000;20;6000;7.83;
100;Staph infection 1;943;727;643;20;
101;Staph and Strep v;40887;9646;7160;2431;1902;1109;1060;1050;1010;985;958;934;786;727;718;686;643;576;563;542;453;436;423;411;333;134;128;
102;Staphylococci infection;960;727;786;453;678;674;550;1109;424;943;1050;643;2600;7160;639;1089;8697;
103;Staphylococcus aureus;8697;7270;1050;999;943;824.4;787;784;745;738;728;727;647;644;555;478;424;
104;Staphylococcus aureus HC;18819.51;936.97;18968.87;944.40;
105;Staphylococcus coagulae positive;643;
106;Staphylococcus comp 1;40887;9646;8697;7270;7160;2600;2431;1902;1109;1089;1060;1050;1010;999;985;960;958;943;934;884;882;880;878;876;824.4;
107;Staphylococcus comp 2;787;786;784;745;738;728;727;718;686;678;674;647;644;643;639;634;576;563;555;550;542;478;453;436;424;423;411;333;134;128;
108;Staphylococcus general;7160;1109;1089;885;884;883;882;881;880;879;878;877;876;875;786;728;674;639;634;550;453;
109;Stemonius HC;10505.07;523.02;
110;Stemphylium;461;340;114;
111;Sterigmatocystin HC;6621.68;6273.17;4779.56;4381.26;329.67;312.32;237.96;218.13;
112;Stuff muscles comp;6000;1800;1550;880;802;787;776;776;766;728;727;328;320;304;300;250;240;160;125;80;40;20;10;9.19;6;5.8;4.9;2.5;1.5;1.2;1;0.5;
113;Stiff muscles;320;328;304;300;240;160;776;728;1800;125;80;40;20;6000;
114;Stiff muscles secondary;250;10;5.8;2.5;1.5;1.2;1;0.5;1550;802;880;787;776;
115;Stiff neck;4.9;6;9.19;
116;Stiff shoulder;10000;727;766;20;
117;Stigeoclonium HC;20512.27;1021.25;20263.34;1008.85;
118;Stomach disorders;2127;2008;1552;880;832;802;784;727;690;676;664;450;422;125;95;72;20;3.9;
119;Stomatitis (Inflammation,mucous membranes of mouth);465;677;702;787;234;278;568;672;
120;Stomatitis aphthous (canker sores;ulcers in mouth);478;487;498;788;955;982;1902;1904;1906;
121;Stomatitis aphthous 1;1901;1902;1903;1904;1905;1906;1907;
122;Stomatitis aphthous v;888;880;848;846;831;685;742;734;1043;944;782;591;480;423;343;339;322;832;556;808;534;460;424;246;
123;Strep and Staph v;9647;40887;7160;2431;1902;1109;1060;1050;1010;985;958;935;786;727;718;686;643;576;563;542;453;436;423;411;333;134;128;
124;Strep virus;563;611;727;
125;Streptococcus enterococcinum;686;409;
126;Streptococcus hemolytic (blood infection by strep);728;880;786;712;128;134;334;443;535;542;675;1415;1522;1902;691;710;1203;368;318;
127;Streptococcus infection general;2000;1266;885;884;883;882;881;880;879;878;877;876;875;848;802;800;787;784;727;
128;Streptococcus lactis HC (occurs in milk);19168.02;954.32;
129;Streptococcus mitis HC;15832.29;788.24;
130;Streptococcus mutant strain;114;437;625;883;994;
131;Streptococcus mutant strain secondary;108;433;488;687;833;8686;8777;9676;660;732;745;754;764;
132;Streptococcus pepto;201;629;
133;Streptococcus pneumoniae;231;232;683;688;776;766;728;846;1552;8865;
134;Streptococcus pneumoniae HC (inner ear disease);18321.64;912.18;
135;Streptococcus pneumoniae hi alt;1136.7;2273.4;46275;46065.5;46000;45856;23138;23032.8;23000;22938;4546.9;18187.4;36374.8;72749.6;625.5;20015.3;40030.6;
136;Streptococcus pneumoniae mixed flora;158;174;645;801;
137;Streptococcus pyogenes (pus forming infections);10000;5004;8450;2502;2111;1214;880;880;845;787;776;735;727;720;660;625.5;616;465;20;
138;Streptococcus pyogenes HC (infects teeth);18570.58;924.57;
139;Streptococcus sp group G HC;18321.64;912.18;
140;Streptococcus viridans;425;433;445;935;1010;1060;8478;457;465;777;778;1214;1216;
141;Streptomyces griseus;333;887;
142;Streptothrix;10000;7880;7870;2890;2154;887;787;784;747;727;678;567;488;465;262;237;231;228;222;192;157;20;
143;Stroke follow up;2112;3;203;1800;880;787;727;650;625;600;125;95;72;1865;522;428;10000;20;2720;
144;Struma cystica;5311;531;756;361;
145;Struma nodosa;105;122;321;517;532;651;714;
146;Struma parenchyme;121;576;
147;Stye (staph infection of sebaceous gland of eyelash);10000;880;787;727;20;453;2600;
148;Subluxation induced disorders;9.6;
149;Sudor pedis (excessive foot sweat);148;
150;Sun allergy;3;330;10000;
151;Sunstroke;444;440;190;3000;95;522;146;880;20;10000;
152;Surgery anaesthesia detox;522;146;
153;Surgery preop postop prevent infections;2170;1800;1600;1550;802;1500;880;832;802;787;776;727;465;444;522;146;428;
154;Surgical pain postop;3000;2720;95;
155;Swelling (edema);522;146;6.3;148;444;440;880;787;727;20;10000;5000;3000;
156;Swimmers ear;728;784;880;464;174;482;5311;
157;Syphilis;6600;789;900;2776;177;650;625;600;660;658;
158;T-lymph virusTR;8225;6353;6230;3806;2664;2432;1675;1230;1220;965;844;837;776;732;725;714;646;633;392;314;245;243;111;
159;Tachycardia (rapid heart beat,lab animals only);1.2;
160;Taste lack of;10000;20;
161;Tendomyopathy;320;250;160;80;40;20;10;5.8;2.5;1.5;1.2;1;0.5;
162;Tetanus;15770;1200;1142;880;700;628;600;554;465;458;400;363;352;244;234;120;20;
163;Tetanus secondary;880;787;727;
164;Tetragenus;393;433;2712;
165;Thalamus stimulant;20;
166;Thermi bacteria;233;441;
167;Throat tickle chronic;120;666;690;727;787;800;880;1560;1840;1998;766;776;
168;Thrombophlebitis (inflammation of veins,lab animals only);1500;776;685;
169;Thrombosis infective herpes type (do not use in U.S.);2720;2489;2170;1800;1550;802;880;787;727;444;125;95;72;20;444;1865;1489;
170;Thrush;414;465;
171;Thymus stimulation;20;
172;Tinnitus;20;2720;728;784;880;
173;Tobacco mosaic;233;274;543;782;1052;
174;Tobacco mosaic virus HC;21308.87;1060.91;
175;Tonsillar nodules;246;151;414;
176;Tonsillar nosode;1656;
177;Tonsillitis (inflammation of tonsils);1.2;73;1550;802;1500;880;832;787;776;727;650;625;600;465;144;452;582;
178;Tooth extraction follow up;3000;2720;95;47.5;7.82;
179;Toothache;5170;3000;2720;2489;1800;1600;1550;1500;880;832;802;787;776;776;727;666;650;646;600;465;190;95;47.5;
180;Toxin elimination;0.5;522;146;1552;800;
181;Toxoplasma HC (human strain);19665.89;979.11;
182;Toxoplasmosis;434;852;
183;Transformation series;9999;147;174;417;471;714;741;258;285;528;582;825;852;369;396;639;693;936;963;2664;3330;3996;774;855;1584;1746;2475;2556;9990;144;234;378;612;991;1604;
184;Trauma;96;192;300;760;3000;
185;Treponema pallidum;660;902;
186;Treponema pallidum HC (causes syphilis);17276.11;860.13;
187;Trichodermia;711;
188;Trichomonas;610;692;980;
189;Trichophyton general;132;725;808;812;2422;9493;
190;Trichophyton nagel;381;585;593;812;
191;Trichophyton nagel secondary 1;133;142;373;376;378;385;387;420;425;428;576;578;580;581;583;584;587;588;592;595;597;724;725;726;750;
192;Trichophyton nagel secondary 2;794;797;801;805;808;809;817;886;2422;6887;7688;7697;7885;584;587;592;732;733;738;748;765;766;771;777;778;779;1256;
193;Trichophyton rubrum;752;923;
194;Trichophyton tonsuraus;454;765;
195;Trigeminal neuralgia;2720;2489;2170;1800;1600;1550;802;7.5;880;832;787;776;760;727;650;146;7.82;27.5;428;
196;Troglodytella abrassari HC;19068.45;949.36;20860.78;1038.60;
197;Trypanosoma gambiense;255;316;403;700;724;
198;Tuberculinum;332;522;664;731;737;748;1085;1099;1700;761;
199;Tuberculosis;8030;16000;1840;1600;1552;1550;1513;1500;803;802;784;740;727;720;690;666;583;541;369;216;20;
200;Tuberculosis aviare;303;332;342;438;440;532;3113;6515;697;698;720;731;741;748;770;
201;Tuberculosis bovine;229;523;625;635;838;877;3353;748;757;
202;Tuberculosis klebsiella;217;220;221;686;1132;1644;2313;6516;729;748;
203;Tuberculosis rod Ecoli infections;799;802;804;1550;1513;
204;Tuberculosis rod form;8030;369;583;541;802;803;1513;
205;Tuberculosis secondary complications;776;2127;2008;465;
206;Tuberculosis virus;2565;1552;
207;Tularemia (deerfly fever, rabbit fever);324;427;823;
208;Turbatrix;104;
209;Typhoid fever;9680;18620;13944;6900;3205;1868;1866;1864;1862;1860;1800;1550;1445;900;869;824;802;760;714;712;690;
210;Ulcer duodenal;676;727;750;880;10000;
211;Ulcer gastric;676;
212;Ulcer ventric;142;566;676;232;1000;
213;Ulcer ventricular;769;760;
214;Ulcers general;676;664;802;784;2489;2170;2127;1800;1600;880;832;802;787;776;727;73;
215;Urea plasma;756;
216;Uremia (uremic poisoning);911;
217;Urethritis;2720;2170;2127;1800;1600;1550;802;1500;880;832;787;776;727;660;650;625;600;465;444;1865;125;95;72;1.2;
218;Urinary Tract Infections;2050;880;1550;802;787;727;465;20;9.39;642;358;539;
219;Urticaria (hives);1800;880;787;727;522;146;4.9;
220;Uterinepolyp;689;
221;Vaccinium (homeopathic nosode);476;
222;Vaginosis;414;542;642;652;800;832;845;866;942;728;784;880;464;
223;Varicoses;1.2;28;
224;Vegetative dystonia (involuntary muscle dysfunction);40;
225;Veillonella dispar HC;20064.19;998.94;
226;Vertigo;60;5.8;4;
227;Vertigo TR;880;802;784;787;786;766;522;727;720;688;683;652;645;316;72;92;60;58;40;1550;
228;Viral complex TR 1;10000;7344;5000;2950;2900;2650;2600;1550;1234;430;620;624;646;866;5148;2213;1918;742.4;303;23.2;20;864;790;690;610;470;
229;Viral complex TR 2;484;986;644;254;30;33;6000;599;611;613;2127;2080;2050;2013;2008;2003;2000;1850;880;803;800;787;727;660;484;465;440;35;500;200;68;
230;Vision poor;350;360;1830;
231;Visual acuity;3176;1860;1856;1852;1848;1846;1842;1838;1834;1830;1826;1822;1818;1814;1810;1806;1802;360;350;
232;Vitamag complete set;1;2;3;4;5;6;7;7.8;9;10;13;16;19.5;22.5;24;
233;Vitiligo (loss of pigmentation);440;600;650;2112;880;787;727;444;20;
234;Wart condyloma (venereal warts);466;907;
235;Warts general;2720;2489;2170;2127;2008;1800;1600;1500;907;915;874;727;690;666;660;644;767;953;495;466;110;
236;Warts 1;21750;
237;Warts plantar;915;918;20;120;727.5;787;880;2008;2127.5;
238;Warts verruca;495;644;767;797;877;953;173;787;
239;Wellness;6.8;7.83;
240;Werlhof;690;452;
241;West Nile 1;413;826;1239;3303;465;841;8410;
242;West Nile 2;1385;1115;841;799;730;697;686;664;514;498;484;434;404;313;240;
243;Wheat smut;10163;156;375;
244;Wheat stem rust 1;643;
245;Whiplash;20;2720;10000;
246;Wolhynia fever (Rickettsia illness);547;
247;Wound healing;2720;880;787;727;220;190;20;40;
248;Yeast cervical;788;706;771;
249;Yeast general;72;254;375;522;876;987;414;422;465;582;787;1016;2222;
250;Yeast general v;72;422;582;787;1016;2222;1134;254;987;986;984;982;980;974;908;906;878;876;873;871;866;865;864;863;861;778;
251;Yellow fever(severe viral infection);20;142;178;232;432;734;1187;733;779;10000;
252;Yellowfly;996;
253;Yersenia pestis (Bubonic plague);5120;5000;1600;512;508;504;500;496;492;338;333;210;216;160;
254;Yersenia pestis 1;337.6;
255;Zearalenone HC;4978.71;247.88;
256;Zygomycosis (mucormycosis);942;623;733;